0.0 0.0
-0.05 0.0
0.0 -0.05
-0.05 -0.05
-1.0 0.0
-1.05 0.0
-1.0 -0.05
-1.05 -0.05
0.0 -1.0
-0.05 -1.0
0.0 -1.05
-0.05 -1.05
-1.0 -1.0
-1.05 -1.0
-1.0 -1.05
-1.05 -1.05
-2.0 0.0
-2.05 0.0
-2.0 -0.05
-2.05 -0.05
-2.0 -1.0
-2.05 -1.0
-2.0 -1.05
-2.05 -1.05
0.0 -2.0
-0.05 -2.0
0.0 -2.05
-0.05 -2.05
-1.0 -2.0
-1.05 -2.0
-1.0 -2.05
-1.05 -2.05
-2.0 -2.0
-2.05 -2.0
-2.0 -2.05
-2.05 -2.05
-3.0 0.0
-3.05 0.0
-3.0 -0.05
-3.05 -0.05
-3.0 -1.0
-3.05 -1.0
-3.0 -1.05
-3.05 -1.05
-3.0 -2.0
-3.05 -2.0
-3.0 -2.05
-3.05 -2.05
-3.0 -3.0
-3.05 -3.0
-3.0 -3.05
-3.05 -3.05
-2.0 -3.0
-2.05 -3.0
-2.0 -3.05
-2.05 -3.05
-1.0 -3.0
-1.05 -3.0
-1.0 -3.05
-1.05 -3.05
0.0 -3.0
-0.05 -3.0
0.0 -3.05
-0.05 -3.05
-4.0 0.0
-4.05 0.0
-4.0 -0.05
-4.05 -0.05
-4.0 -1.0
-4.05 -1.0
-4.0 -1.05
-4.05 -1.05
-4.0 -2.0
-4.05 -2.0
-4.0 -2.05
-4.05 -2.05
-4.0 -3.0
-4.05 -3.0
-4.0 -3.05
-4.05 -3.05
-4.0 -4.0
-4.05 -4.0
-4.0 -4.05
-4.05 -4.05
-3.0 -4.0
-3.05 -4.0
-3.0 -4.05
-3.05 -4.05
-2.0 -4.0
-2.05 -4.0
-2.0 -4.05
-2.05 -4.05
-1.0 -4.0
-1.05 -4.0
-1.0 -4.05
-1.05 -4.05
0.0 -4.0
-0.05 -4.0
0.0 -4.05
-0.05 -4.05
1.0 -4.0
0.95 -4.0
1.0  -4.05
0.95 -4.05
1.0 -3.0
0.95 -3.0
1.0 -3.05
0.95 -3.05
1.0 -2.0
0.95 -2.0
1.0 -2.05
0.95 -2.05
1.0 -1.0
0.95 -1.0
1.0 -1.05
0.95 -1.05
1.0 0.0
0.95 0.0
1.0 -0.05
0.95 -0.05
1.0 1.0
0.95 1.0
1.0 0.95
0.95 0.95
0.0 1.0
-0.05 1.0
0.0 0.95
-0.05 0.95
-1.0 1.0
-1.05 1.0
-1.0 0.95
-1.05 0.95
-2.0 1.0
-2.05 1.0
-2.0 0.95
-2.05 0.95
-3.0 1.0
-3.05 1.0
-3.0 0.95
-3.05 0.95
-4.0 1.0
-4.05 1.0
-4.0 0.95
-4.05 0.95
