 1480346233.605957  171.434645 
 1480346233.622377  171.406571 
 1480346233.642367  171.371698 
 1480346233.662353  171.339272 
 1480346233.682355  171.303311 
 1480346233.702363  171.272206 
 1480346233.722382  171.238984 
 1480346233.742357  171.209259 
 1480346233.762375  171.181574 
 1480346233.782338  171.150548 
 1480346233.802372  171.132285 
 1480346233.822361  171.120628 
 1480346233.842348  171.112158 
 1480346233.862352  171.112352 
 1480346233.882349  171.112876 
 1480346233.902340  171.117597 
 1480346233.922375  171.118880 
 1480346233.942391  171.121561 
 1480346233.962350  171.124184 
 1480346233.982350  171.121872 
 1480346234.002366  171.122435 
 1480346234.022373  171.116315 
 1480346234.042375  171.107670 
 1480346234.062344  171.105513 
 1480346234.082362  171.097587 
 1480346234.102363  171.088688 
 1480346234.122338  171.075536 
 1480346234.142365  171.059624 
 1480346234.162375  171.042003 
 1480346234.182350  171.015270 
 1480346234.202387  170.992247 
 1480346234.222374  170.966058 
 1480346234.242355  170.935304 
 1480346234.262344  170.907502 
 1480346234.282350  170.878593 
 1480346234.302362  170.858757 
 1480346234.322379  170.832665 
 1480346234.342378  170.806204 
 1480346234.362360  170.788660 
 1480346234.382360  170.780073 
 1480346234.402327  170.788039 
 1480346234.422386  170.806049 
 1480346234.442402  170.837522 
 1480346234.462368  170.883606 
 1480346234.482355  170.929067 
 1480346234.502367  170.977657 
 1480346234.522352  171.020729 
 1480346234.542360  171.052319 
 1480346234.562542  171.077090 
 1480346234.582366  171.089252 
 1480346234.602380  171.101414 
 1480346234.622408  171.108525 
 1480346234.642370  171.116879 
 1480346234.662351  171.132499 
 1480346234.682357  171.148585 
 1480346234.702358  171.165099 
 1480346234.722408  171.167120 
 1480346234.742359  171.158416 
 1480346234.762408  171.144292 
 1480346234.782396  171.116412 
 1480346234.802349  171.084881 
 1480346234.822371  171.046413 
 1480346234.842377  171.014706 
 1480346234.862357  170.999650 
 1480346234.882352  170.990557 
 1480346234.902663  170.989081 
 1480346234.922356  170.985409 
 1480346234.942336  170.981115 
 1480346234.962408  170.979794 
 1480346234.982398  170.969517 
 1480346235.002385  170.959589 
 1480346235.022363  170.946786 
 1480346235.042358  170.934915 
 1480346235.062357  170.927435 
 1480346235.082411  170.917119 
 1480346235.102367  170.912553 
 1480346235.122388  170.912107 
 1480346235.142359  170.920305 
 1480346235.162375  170.943930 
 1480346235.182358  170.974859 
 1480346235.202358  171.010277 
 1480346235.222364  171.034640 
 1480346235.242349  171.048686 
 1480346235.262326  171.063082 
 1480346235.282372  171.067862 
 1480346235.302352  171.066502 
 1480346235.322371  171.051756 
 1480346235.342373  171.033882 
 1480346235.362390  171.019311 
 1480346235.382359  171.000718 
 1480346235.402358  170.984981 
 1480346235.422351  170.966991 
 1480346235.442365  170.949000 
 1480346235.462354  170.930252 
 1480346235.482359  170.903403 
 1480346235.502370  170.879798 
 1480346235.522386  170.851122 
 1480346235.542328  170.819940 
 1480346235.562369  170.792799 
 1480346235.582368  170.768300 
 1480346235.602359  170.754040 
 1480346235.622382  170.742849 
 1480346235.642354  170.738789 
 1480346235.662353  170.747104 
 1480346235.682387  170.759654 
 1480346235.702359  170.782502 
 1480346235.722372  170.811566 
 1480346235.742367  170.850170 
 1480346235.762350  170.898468 
 1480346235.782351  170.940685 
 1480346235.802374  170.980144 
 1480346235.822354  171.012511 
 1480346235.842353  171.036718 
 1480346235.862354  171.054378 
 1480346235.882349  171.063121 
 1480346235.902357  171.071572 
 1480346235.922535  171.071805 
 1480346235.942362  171.070601 
 1480346235.962374  171.069882 
 1480346235.982361  171.058575 
 1480346236.002361  171.042022 
 1480346236.022377  171.015755 
 1480346236.042355  170.982106 
 1480346236.062322  170.946417 
 1480346236.082388  170.905384 
 1480346236.102364  170.872551 
 1480346236.122369  170.842243 
 1480346236.142373  170.813334 
 1480346236.162358  170.789554 
 1480346236.182347  170.767620 
 1480346236.202375  170.754797 
 1480346236.222357  170.747123 
 1480346236.242371  170.747453 
 1480346236.262365  170.761267 
 1480346236.282344  170.777858 
 1480346236.302372  170.803737 
 1480346236.322385  170.831402 
 1480346236.342360  170.862215 
 1480346236.362379  170.899031 
 1480346236.382392  170.932739 
 1480346236.402356  170.967496 
 1480346236.422369  170.992053 
 1480346236.442354  171.001417 
 1480346236.462356  171.005245 
 1480346236.482361  171.000174 
 1480346236.502351  170.992073 
 1480346236.522381  170.974393 
 1480346236.542376  170.953955 
 1480346236.562350  170.938917 
 1480346236.582341  170.922190 
 1480346236.602383  170.906259 
 1480346236.622357  170.890561 
 1480346236.642372  170.878010 
 1480346236.662359  170.871929 
 1480346236.682351  170.860059 
 1480346236.702368  170.850539 
 1480346236.722366  170.840223 
 1480346236.742360  170.828546 
 1480346236.762368  170.815996 
 1480346236.782356  170.800706 
 1480346236.802361  170.790176 
 1480346236.822363  170.780481 
 1480346236.842349  170.769213 
 1480346236.862360  170.765036 
 1480346236.882383  170.766221 
 1480346236.902345  170.777722 
 1480346236.922370  170.788486 
 1480346236.942366  170.797053 
 1480346236.962357  170.805718 
 1480346236.982361  170.806379 
 1480346237.002410  170.805796 
 1480346237.022376  170.806612 
 1480346237.042375  170.812499 
 1480346237.062345  170.826487 
 1480346237.082359  170.840223 
 1480346237.102361  170.861108 
 1480346237.122357  170.883139 
 1480346237.142356  170.904627 
 1480346237.162384  170.921937 
 1480346237.182367  170.927474 
 1480346237.202387  170.932661 
 1480346237.222367  170.931049 
 1480346237.242351  170.925687 
 1480346237.262345  170.921179 
 1480346237.282407  170.912009 
 1480346237.302347  170.902023 
 1480346237.322394  170.885607 
 1480346237.342338  170.864139 
 1480346237.362355  170.839387 
 1480346237.382380  170.804164 
 1480346237.402359  170.768980 
 1480346237.422387  170.731134 
 1480346237.442381  170.695134 
 1480346237.462335  170.672636 
 1480346237.482356  170.658784 
 1480346237.502360  170.656375 
 1480346237.522362  170.666730 
 1480346237.542354  170.676172 
 1480346237.562366  170.685750 
 1480346237.582352  170.684332 
 1480346237.602369  170.679455 
 1480346237.622340  170.667779 
 1480346237.642349  170.653499 
 1480346237.662349  170.642309 
 1480346237.682378  170.627427 
 1480346237.702341  170.614798 
 1480346237.722379  170.609592 
 1480346237.742348  170.605745 
 1480346237.762354  170.609009 
 1480346237.782392  170.607047 
 1480346237.802383  170.600130 
 1480346237.822350  170.590533 
 1480346237.842373  170.568288 
 1480346237.862353  170.540136 
 1480346237.882362  170.506098 
 1480346237.902362  170.473265 
 1480346237.922351  170.449096 
 1480346237.942364  170.431339 
 1480346237.962493  170.425646 
 1480346237.982369  170.422227 
 1480346238.002380  170.424189 
 1480346238.022377  170.434525 
 1480346238.042353  170.444919 
 1480346238.062355  170.457625 
 1480346238.082350  170.468388 
 1480346238.102349  170.478763 
 1480346238.122403  170.490964 
 1480346238.142360  170.499998 
 1480346238.162358  170.516570 
 1480346238.182357  170.538543 
 1480346238.202331  170.563994 
 1480346238.222366  170.596691 
 1480346238.242376  170.628379 
 1480346238.262343  170.661853 
 1480346238.282349  170.682758 
 1480346238.302368  170.693987 
 1480346238.322357  170.697329 
 1480346238.342376  170.686935 
 1480346238.362374  170.668595 
 1480346238.382341  170.636208 
 1480346238.402371  170.593078 
 1480346238.422379  170.545751 
 1480346238.442361  170.491119 
 1480346238.462348  170.439382 
 1480346238.482360  170.387548 
 1480346238.502326  170.341737 
 1480346238.522346  170.306552 
 1480346238.542348  170.275098 
 1480346238.562376  170.251804 
 1480346238.582363  170.232726 
 1480346238.602350  170.221282 
 1480346238.622364  170.220797 
 1480346238.642375  170.221632 
 1480346238.662339  170.229908 
 1480346238.682381  170.239797 
 1480346238.702353  170.254718 
 1480346238.722356  170.272592 
 1480346238.742361  170.286677 
 1480346238.762478  170.307601 
 1480346238.782327  170.333324 
 1480346238.802359  170.365031 
 1480346238.822352  170.401245 
 1480346238.842367  170.433865 
 1480346238.862344  170.466154 
 1480346238.882352  170.485660 
 1480346238.902383  170.491061 
 1480346238.922370  170.489312 
 1480346238.942354  170.478374 
 1480346238.962365  170.464425 
 1480346238.982357  170.444084 
 1480346239.002352  170.427570 
 1480346239.022368  170.419158 
 1480346239.042366  170.405169 
 1480346239.062383  170.390287 
 1480346239.082392  170.372064 
 1480346239.102372  170.353121 
 1480346239.122366  170.336141 
 1480346239.142370  170.315528 
 1480346239.162394  170.302181 
 1480346239.182391  170.284773 
 1480346239.202351  170.262800 
 1480346239.222353  170.243003 
 1480346239.242356  170.221088 
 1480346239.262404  170.203428 
 1480346239.282346  170.181766 
 1480346239.302384  170.157947 
 1480346239.322368  170.139374 
 1480346239.342373  170.119285 
 1480346239.362360  170.102810 
 1480346239.382357  170.085771 
 1480346239.402345  170.073454 
 1480346239.422350  170.065450 
 1480346239.442382  170.056590 
 1480346239.462369  170.056552 
 1480346239.482369  170.057581 
 1480346239.502372  170.061583 
 1480346239.522361  170.067101 
 1480346239.542376  170.065527 
 1480346239.562329  170.057290 
 1480346239.582420  170.040815 
 1480346239.602364  170.022514 
 1480346239.622377  170.008739 
 1480346239.642361  169.999219 
 1480346239.662361  170.001861 
 1480346239.682336  170.012120 
 1480346239.702378  170.024689 
 1480346239.722664  170.034909 
 1480346239.742367  170.038192 
 1480346239.762355  170.045031 
 1480346239.782493  170.052375 
 1480346239.802356  170.066013 
 1480346239.822354  170.092047 
 1480346239.842348  170.122782 
 1480346239.862363  170.160744 
 1480346239.882370  170.202398 
 1480346239.902355  170.253980 
 1480346239.922338  170.316208 
 1480346239.942376  170.379194 
 1480346239.962337  170.450670 
 1480346239.982368  170.526517 
 1480346240.002351  170.609805 
 1480346240.022377  170.709996 
 1480346240.042364  170.824544 
 1480346240.062353  170.959161 
 1480346240.082337  171.101530 
 1480346240.102403  171.252506 
 1480346240.122695  171.413915 
 1480346240.142374  171.575984 
 1480346240.162361  171.736071 
 1480346240.182360  171.890680 
 1480346240.202357  172.048883 
 1480346240.222378  172.214954 
 1480346240.242338  172.384503 
 1480346240.262358  172.565515 
 1480346240.282361  172.748741 
 1480346240.302361  172.931307 
 1480346240.322353  173.107015 
 1480346240.342387  173.264985 
 1480346240.362347  173.407023 
 1480346240.382374  173.515588 
 1480346240.402418  173.589104 
 1480346240.422435  173.633302 
 1480346240.442376  173.649583 
 1480346240.462393  173.653896 
 1480346240.482353  173.644357 
 1480346240.502396  173.638451 
 1480346240.522343  173.660269 
 1480346240.542370  173.714648 
 1480346240.562373  173.814061 
 1480346240.582395  173.959325 
 1480346240.602347  174.164544 
 1480346240.622372  174.439452 
 1480346240.642354  174.777501 
 1480346240.662355  175.183606 
 1480346240.682365  175.638146 
 1480346240.702359  176.133193 
 1480346240.722346  176.667155 
 1480346240.742527  177.224022 
 1480346240.762339  177.807331 
 1480346240.782376  178.417296 
 1480346240.802347  179.058850 
 1480346240.822343  179.736988 
 1480346240.842361  -179.558541 
 1480346240.862365  -178.815824 
 1480346240.882339  -178.031085 
 1480346240.902371  -177.185535 
 1480346240.922338  -176.267946 
 1480346240.942374  -175.277308 
 1480346240.962359  -174.198155 
 1480346240.982357  -173.055744 
 1480346241.002350  -171.868785 
 1480346241.022385  -170.644893 
 1480346241.042341  -169.394675 
 1480346241.062362  -168.108477 
 1480346241.082372  -166.803162 
 1480346241.102366  -165.478457 
 1480346241.122369  -164.144738 
 1480346241.142349  -162.821005 
 1480346241.162341  -161.482254 
 1480346241.182377  -160.135489 
 1480346241.202373  -158.785848 
 1480346241.222364  -157.423579 
 1480346241.242381  -156.043194 
 1480346241.262368  -154.633569 
 1480346241.282349  -153.225654 
 1480346241.302382  -151.811940 
 1480346241.322341  -150.389512 
 1480346241.342365  -148.994487 
 1480346241.362386  -147.641476 
 1480346241.382363  -146.353044 
 1480346241.402369  -145.132202 
 1480346241.422370  -143.981592 
 1480346241.442335  -142.900701 
 1480346241.462356  -141.845133 
 1480346241.482361  -140.811782 
 1480346241.502374  -139.776430 
 1480346241.522365  -138.722504 
 1480346241.542364  -137.671600 
 1480346241.562370  -136.630555 
 1480346241.582385  -135.655479 
 1480346241.602352  -134.753704 
 1480346241.622385  -133.929331 
 1480346241.642372  -133.197155 
 1480346241.662351  -132.483386 
 1480346241.682350  -131.745157 
 1480346241.702399  -130.947158 
 1480346241.722345  -130.061907 
 1480346241.742372  -129.085956 
 1480346241.762335  -127.988405 
 1480346241.782365  -126.828830 
 1480346241.802359  -125.640403 
 1480346241.822365  -124.446061 
 1480346241.842348  -123.288953 
 1480346241.862365  -122.149058 
 1480346241.882340  -121.036946 
 1480346241.902375  -119.915517 
 1480346241.922355  -118.766171 
 1480346241.942380  -117.628413 
 1480346241.962349  -116.486566 
 1480346241.982416  -115.362670 
 1480346242.002339  -114.222241 
 1480346242.022372  -113.042761 
 1480346242.042369  -111.858823 
 1480346242.062363  -110.634678 
 1480346242.082370  -109.361293 
 1480346242.102359  -107.981072 
 1480346242.122329  -106.447341 
 1480346242.142379  -104.810835 
 1480346242.162361  -103.098103 
 1480346242.182360  -101.388897 
 1480346242.202365  -99.699644 
 1480346242.222378  -98.032363 
 1480346242.242348  -96.423241 
 1480346242.262364  -94.831128 
 1480346242.282338  -93.267215 
 1480346242.302347  -91.725412 
 1480346242.322340  -90.225388 
 1480346242.342365  -88.807283 
 1480346242.362356  -87.430414 
 1480346242.382372  -86.136017 
 1480346242.402340  -84.916895 
 1480346242.422372  -83.754007 
 1480346242.442364  -82.647198 
 1480346242.462353  -81.526148 
 1480346242.482334  -80.405856 
 1480346242.502371  -79.271105 
 1480346242.522344  -78.098314 
 1480346242.542371  -76.908042 
 1480346242.562337  -75.682241 
 1480346242.582373  -74.480268 
 1480346242.602365  -73.316492 
 1480346242.622397  -72.193062 
 1480346242.642345  -71.156063 
 1480346242.662368  -70.191381 
 1480346242.682343  -69.350601 
 1480346242.702395  -68.616175 
 1480346242.722368  -67.943735 
 1480346242.742368  -67.323828 
 1480346242.762337  -66.688403 
 1480346242.782371  -65.976446 
 1480346242.802341  -65.207740 
 1480346242.822392  -64.364589 
 1480346242.842364  -63.482986 
 1480346242.862359  -62.532656 
 1480346242.882362  -61.490771 
 1480346242.902370  -60.387629 
 1480346242.922344  -59.212973 
 1480346242.942376  -58.027922 
 1480346242.962336  -56.843168 
 1480346242.982370  -55.657739 
 1480346243.002363  -54.519524 
 1480346243.022365  -53.418189 
 1480346243.042353  -52.384513 
 1480346243.062371  -51.373975 
 1480346243.082333  -50.339526 
 1480346243.102368  -49.273997 
 1480346243.122545  -48.126997 
 1480346243.142360  -46.921765 
 1480346243.162357  -45.652222 
 1480346243.182391  -44.322048 
 1480346243.202341  -42.994216 
 1480346243.222390  -41.675379 
 1480346243.242335  -40.414512 
 1480346243.262361  -39.238947 
 1480346243.282363  -38.164945 
 1480346243.302363  -37.184771 
 1480346243.322360  -36.220966 
 1480346243.342358  -35.273057 
 1480346243.362333  -34.316714 
 1480346243.382406  -33.318161 
 1480346243.402371  -32.294310 
 1480346243.422366  -31.241142 
 1480346243.442342  -30.200877 
 1480346243.462514  -29.196245 
 1480346243.482337  -28.217451 
 1480346243.502385  -27.237901 
 1480346243.522389  -26.202369 
 1480346243.542376  -25.108759 
 1480346243.562380  -23.952319 
 1480346243.582359  -22.731868 
 1480346243.602345  -21.482141 
 1480346243.622380  -20.251859 
 1480346243.642346  -19.110131 
 1480346243.662360  -18.095125 
 1480346243.682365  -17.236741 
 1480346243.702367  -16.542322 
 1480346243.722358  -15.987150 
 1480346243.742399  -15.553106 
 1480346243.762346  -15.210893 
 1480346243.782385  -14.929529 
 1480346243.802511  -14.685781 
 1480346243.822411  -14.453643 
 1480346243.842361  -14.239456 
 1480346243.862381  -14.068633 
 1480346243.882357  -13.956590 
 1480346243.902378  -13.917310 
 1480346243.922351  -13.951972 
 1480346243.942368  -14.105365 
 1480346243.962352  -14.393483 
 1480346243.982356  -14.781117 
 1480346244.002352  -15.262829 
 1480346244.022381  -15.845336 
 1480346244.042339  -16.522324 
 1480346244.062361  -17.247560 
 1480346244.082365  -18.002172 
 1480346244.102358  -18.785690 
 1480346244.122363  -19.574530 
 1480346244.142442  -20.377445 
 1480346244.162341  -21.182540 
 1480346244.182374  -21.921328 
 1480346244.202360  -22.555818 
 1480346244.222380  -23.127329 
 1480346244.242335  -23.688422 
 1480346244.262364  -24.284061 
 1480346244.282335  -24.925115 
 1480346244.302364  -25.588157 
 1480346244.322339  -26.250747 
 1480346244.342368  -26.910222 
 1480346244.362356  -27.585829 
 1480346244.382382  -28.269695 
 1480346244.402366  -28.938383 
 1480346244.422382  -29.591869 
 1480346244.442347  -30.251091 
 1480346244.462339  -30.878356 
 1480346244.482371  -31.468798 
 1480346244.502378  -32.043860 
 1480346244.522370  -32.587795 
 1480346244.542357  -33.073005 
 1480346244.562345  -33.488118 
 1480346244.582377  -33.841702 
 1480346244.602342  -34.131877 
 1480346244.622379  -34.368788 
 1480346244.642370  -34.563215 
 1480346244.662360  -34.724444 
 1480346244.682351  -34.864222 
 1480346244.702345  -34.973942 
 1480346244.722337  -35.061936 
 1480346244.742375  -35.146643 
 1480346244.762357  -35.243640 
 1480346244.782366  -35.370831 
 1480346244.802363  -35.488774 
 1480346244.822342  -35.604056 
 1480346244.842342  -35.707894 
 1480346244.862348  -35.800874 
 1480346244.882335  -35.870706 
 1480346244.902376  -35.894790 
 1480346244.922368  -35.899324 
 1480346244.942368  -35.884925 
 1480346244.962380  -35.885957 
 1480346244.982372  -35.910594 
 1480346245.002343  -35.935120 
 1480346245.022396  -35.989011 
 1480346245.042368  -36.054234 
 1480346245.062372  -36.126564 
 1480346245.082349  -36.210911 
 1480346245.102378  -36.267348 
 1480346245.122341  -36.293699 
 1480346245.142377  -36.253423 
 1480346245.162366  -36.172505 
 1480346245.182373  -36.048257 
 1480346245.202368  -35.891463 
 1480346245.222521  -35.753744 
 1480346245.242341  -35.621587 
 1480346245.262364  -35.496642 
 1480346245.282392  -35.384635 
 1480346245.302370  -35.268719 
 1480346245.322366  -35.202372 
 1480346245.342378  -35.156104 
 1480346245.362341  -35.151090 
 1480346245.382379  -35.108319 
 1480346245.402340  -35.016652 
 1480346245.422388  -34.934950 
 1480346245.442345  -34.839169 
 1480346245.462366  -34.776297 
 1480346245.482357  -34.768737 
 1480346245.502373  -34.761743 
 1480346245.522340  -34.780032 
 1480346245.542374  -34.797702 
 1480346245.562384  -34.811916 
 1480346245.582375  -34.824804 
 1480346245.602362  -34.818473 
 1480346245.622356  -34.829895 
 1480346245.642351  -34.828365 
 1480346245.662366  -34.826007 
 1480346245.682336  -34.828297 
 1480346245.702372  -34.817184 
 1480346245.722379  -34.814362 
 1480346245.742384  -34.804519 
 1480346245.762357  -34.809821 
 1480346245.782375  -34.806479 
 1480346245.802342  -34.763458 
 1480346245.822357  -34.748061 
 1480346245.842365  -34.750963 
 1480346245.862334  -34.749858 
 1480346245.882365  -34.746805 
 1480346245.902377  -34.736948 
 1480346245.922349  -34.744333 
 1480346245.942384  -34.733951 
 1480346245.962340  -34.713124 
 1480346245.982375  -34.708105 
 1480346246.002364  -34.699314 
 1480346246.022398  -34.702004 
 1480346246.042352  -34.690559 
 1480346246.062373  -34.680456 
 1480346246.082337  -34.683038 
 1480346246.102414  -34.670922 
 1480346246.122377  -34.667527 
 1480346246.142374  -34.654228 
 1480346246.162355  -34.643334 
 1480346246.182386  -34.642350 
 1480346246.202344  -34.632699 
 1480346246.222380  -34.635152 
 1480346246.242569  -34.622592 
 1480346246.262366  -34.608677 
 1480346246.282361  -34.609286 
 1480346246.302398  -34.599293 
 1480346246.322349  -34.597967 
 1480346246.342379  -34.584136 
 1480346246.362341  -34.573679 
 1480346246.382383  -34.573803 
 1480346246.402364  -34.561044 
 1480346246.422408  -34.560662 
 1480346246.442361  -34.548797 
 1480346246.462350  -34.536142 
 1480346246.482380  -34.535608 
 1480346246.502371  -34.524565 
 1480346246.522361  -34.521061 
 1480346246.542378  -34.506614 
 1480346246.562380  -34.496593 
 1480346246.582372  -34.497120 
 1480346246.602363  -34.483803 
 1480346246.622390  -34.483543 
 1480346246.642344  -34.472765 
 1480346246.662355  -34.461732 
 1480346246.682374  -34.461132 
 1480346246.702378  -34.450593 
 1480346246.722354  -34.451746 
 1480346246.742372  -34.441126 
 1480346246.762334  -34.431284 
 1480346246.782355  -34.430812 
 1480346246.802363  -34.418306 
 1480346246.822373  -34.418908 
 1480346246.842361  -34.408477 
 1480346246.862372  -34.396983 
 1480346246.882331  -34.397066 
 1480346246.902375  -34.385856 
 1480346246.922373  -34.385207 
 1480346246.942375  -34.372565 
 1480346246.962357  -34.358494 
 1480346246.982388  -34.357340 
 1480346247.002353  -34.352034 
 1480346247.022378  -34.352053 
 1480346247.042344  -34.338714 
 1480346247.062363  -34.328735 
 1480346247.082371  -34.328701 
 1480346247.102374  -34.318168 
 1480346247.122351  -34.321469 
 1480346247.142349  -34.310752 
 1480346247.162336  -34.297514 
 1480346247.182372  -34.297366 
 1480346247.202364  -34.287953 
 1480346247.222388  -34.288273 
 1480346247.242390  -34.277906 
 1480346247.262376  -34.267242 
 1480346247.282339  -34.266123 
 1480346247.302378  -34.254417 
 1480346247.322342  -34.256200 
 1480346247.342369  -34.246986 
 1480346247.362360  -34.236138 
 1480346247.382375  -34.236201 
 1480346247.402324  -34.226441 
 1480346247.422378  -34.226686 
 1480346247.442341  -34.213757 
 1480346247.462370  -34.201148 
 1480346247.482363  -34.201483 
 1480346247.502320  -34.193299 
 1480346247.522335  -34.193491 
 1480346247.542368  -34.180501 
 1480346247.562339  -34.167870 
 1480346247.582384  -34.168827 
 1480346247.602358  -34.157823 
 1480346247.622380  -34.156369 
 1480346247.642377  -34.146069 
 1480346247.662370  -34.134000 
 1480346247.682354  -34.131275 
 1480346247.702375  -34.121631 
 1480346247.722342  -34.121911 
 1480346247.742355  -34.110635 
 1480346247.762364  -34.100498 
 1480346247.782383  -34.099896 
 1480346247.802362  -34.089611 
 1480346247.822380  -34.089480 
 1480346247.842342  -34.080111 
 1480346247.862360  -34.070261 
 1480346247.882362  -34.070076 
 1480346247.902379  -34.060112 
 1480346247.922375  -34.059559 
 1480346247.942647  -34.047059 
 1480346247.962352  -34.037126 
 1480346247.982383  -34.036123 
 1480346248.002379  -34.023906 
 1480346248.022362  -34.023986 
 1480346248.042364  -34.012914 
 1480346248.062331  -34.002008 
 1480346248.082352  -34.002404 
 1480346248.102346  -33.992240 
 1480346248.122338  -33.992519 
 1480346248.142346  -33.981222 
 1480346248.162357  -33.970206 
 1480346248.182371  -33.969796 
 1480346248.202356  -33.959735 
 1480346248.222384  -33.960534 
 1480346248.242344  -33.949375 
 1480346248.262369  -33.939551 
 1480346248.282347  -33.940350 
 1480346248.302384  -33.928781 
 1480346248.322373  -33.929196 
 1480346248.342354  -33.920468 
 1480346248.362351  -33.910708 
 1480346248.382406  -33.910975 
 1480346248.402360  -33.899772 
 1480346248.422390  -33.900122 
 1480346248.442361  -33.889740 
 1480346248.462362  -33.878265 
 1480346248.482347  -33.878265 
 1480346248.502376  -33.869071 
 1480346248.522344  -33.869357 
 1480346248.542377  -33.859345 
 1480346248.562384  -33.850398 
 1480346248.582349  -33.850252 
 1480346248.602362  -33.840487 
 1480346248.622362  -33.831342 
 1480346248.642355  -33.831286 
 1480346248.662363  -33.821921 
 1480346248.682380  -33.821725 
 1480346248.702380  -33.811314 
 1480346248.722369  -33.801281 
 1480346248.742372  -33.801685 
 1480346248.762356  -33.791827 
 1480346248.782388  -33.792988 
 1480346248.802342  -33.785552 
 1480346248.822340  -33.775988 
 1480346248.842369  -33.776214 
 1480346248.862340  -33.765709 
 1480346248.882345  -33.765806 
 1480346248.902378  -33.756524 
 1480346248.922343  -33.744823 
 1480346248.942353  -33.743922 
 1480346248.962372  -33.732768 
 1480346248.982388  -33.733526 
 1480346249.002393  -33.723710 
 1480346249.022360  -33.713226 
 1480346249.042320  -33.713828 
 1480346249.062365  -33.705632 
 1480346249.082335  -33.707155 
 1480346249.102374  -33.696389 
 1480346249.122367  -33.684506 
 1480346249.142387  -33.684820 
 1480346249.162337  -33.675995 
 1480346249.182390  -33.676310 
 1480346249.202340  -33.667048 
 1480346249.222381  -33.657096 
 1480346249.242357  -33.655976 
 1480346249.262366  -33.645587 
 1480346249.282356  -33.645881 
 1480346249.302370  -33.635956 
 1480346249.322348  -33.625868 
 1480346249.342374  -33.624952 
 1480346249.362560  -33.614871 
 1480346249.382372  -33.615493 
 1480346249.402374  -33.605228 
 1480346249.422398  -33.594703 
 1480346249.442341  -33.594593 
 1480346249.462357  -33.582885 
 1480346249.482337  -33.582305 
 1480346249.502405  -33.572236 
 1480346249.522367  -33.562396 
 1480346249.542373  -33.562765 
 1480346249.562348  -33.552410 
 1480346249.582400  -33.552888 
 1480346249.602340  -33.542657 
 1480346249.622383  -33.533948 
 1480346249.642364  -33.533332 
 1480346249.662366  -33.523171 
 1480346249.682358  -33.522794 
 1480346249.702643  -33.510875 
 1480346249.722341  -33.500957 
 1480346249.742378  -33.500877 
 1480346249.762387  -33.491976 
 1480346249.782374  -33.491804 
 1480346249.802361  -33.481410 
 1480346249.822489  -33.470946 
 1480346249.842333  -33.471594 
 1480346249.862393  -33.461793 
 1480346249.882357  -33.461683 
 1480346249.902374  -33.451398 
 1480346249.922338  -33.441138 
 1480346249.942375  -33.441420 
 1480346249.962356  -33.431728 
 1480346249.982369  -33.431351 
 1480346250.002337  -33.420962 
 1480346250.022381  -33.409665 
 1480346250.042366  -33.409871 
 1480346250.062363  -33.399324 
 1480346250.082362  -33.399467 
 1480346250.102352  -33.389386 
 1480346250.122348  -33.380192 
 1480346250.142370  -33.379940 
 1480346250.162347  -33.371211 
 1480346250.182376  -33.371423 
 1480346250.202367  -33.361922 
 1480346250.222371  -33.352291 
 1480346250.242354  -33.352483 
 1480346250.262362  -33.343296 
 1480346250.282330  -33.343310 
 1480346250.302377  -33.334191 
 1480346250.322367  -33.323598 
 1480346250.342371  -33.323319 
 1480346250.362360  -33.313129 
 1480346250.382380  -33.313687 
 1480346250.402366  -33.302842 
 1480346250.422384  -33.292588 
 1480346250.442340  -33.291899 
 1480346250.462333  -33.281716 
 1480346250.482377  -33.281927 
 1480346250.502346  -33.272728 
 1480346250.522353  -33.261239 
 1480346250.542380  -33.260323 
 1480346250.562353  -33.249757 
 1480346250.582378  -33.249594 
 1480346250.602345  -33.238617 
 1480346250.622389  -33.227640 
 1480346250.642372  -33.227888 
 1480346250.662361  -33.218633 
 1480346250.682316  -33.218201 
 1480346250.702383  -33.209084 
 1480346250.722363  -33.198879 
 1480346250.742375  -33.198100 
 1480346250.762361  -33.187752 
 1480346250.782372  -33.187992 
 1480346250.802342  -33.178929 
 1480346250.822379  -33.170786 
 1480346250.842344  -33.171559 
 1480346250.862357  -33.160999 
 1480346250.882356  -33.161075 
 1480346250.902372  -33.152400 
 1480346250.922358  -33.142387 
 1480346250.942368  -33.141962 
 1480346250.962355  -33.132447 
 1480346250.982365  -33.134019 
 1480346251.002367  -33.124594 
 1480346251.022383  -33.114178 
 1480346251.042357  -33.114000 
 1480346251.062370  -33.104629 
 1480346251.082334  -33.104158 
 1480346251.102382  -33.095634 
 1480346251.122368  -33.085784 
 1480346251.142380  -33.085019 
 1480346251.162360  -33.075074 
 1480346251.182529  -33.075683 
 1480346251.202348  -33.066715 
 1480346251.222406  -33.056879 
 1480346251.242497  -33.056743 
 1480346251.262360  -33.047134 
 1480346251.282365  -33.047918 
 1480346251.302391  -33.039797 
 1480346251.322364  -33.029792 
 1480346251.342369  -33.029819 
 1480346251.362352  -33.021596 
 1480346251.382368  -33.023213 
 1480346251.402379  -33.014888 
 1480346251.422370  -33.006425 
 1480346251.442349  -33.006587 
 1480346251.462362  -32.996774 
 1480346251.482344  -32.996385 
 1480346251.502376  -32.988133 
 1480346251.522375  -32.980279 
 1480346251.542351  -32.981173 
 1480346251.562356  -32.971692 
 1480346251.582377  -32.970764 
 1480346251.602355  -32.961687 
 1480346251.622375  -32.952424 
 1480346251.642505  -32.952466 
 1480346251.662372  -32.943670 
 1480346251.682367  -32.943820 
 1480346251.702417  -32.937467 
 1480346251.722348  -32.929659 
 1480346251.742373  -32.929251 
 1480346251.762356  -32.920842 
 1480346251.782372  -32.921930 
 1480346251.802362  -32.913651 
 1480346251.822377  -32.906185 
 1480346251.842351  -32.906669 
 1480346251.862373  -32.896042 
 1480346251.882338  -32.895570 
 1480346251.902376  -32.886349 
 1480346251.922393  -32.877388 
 1480346251.942322  -32.877621 
 1480346251.962331  -32.868638 
 1480346251.982541  -32.868148 
 1480346252.002339  -32.859050 
 1480346252.022376  -32.850424 
 1480346252.042363  -32.850424 
